Linda             162 8 1983 120 140 110 123 112 6 8 9
Carla             194 6 1984 70 60 55 62 70 1 2 1
Kathleen        173 4 1998 70 75 81 82 64 3 4 0
Big Bertha     202 9 1990 160 162 155 160 166 9 10 10
Mean Dean   136 7 1964 120 125 130 140 150 4 4 2
Homer          402 5 1984 76 90 85 82 82 5 6 4
Stever          328 7 1986 150 160 161 157 158 8 5 4
Mike            153 4 1991 100 101 95 99 98 7 4 4
Dave            433 4 1997 78 90 94 76 70 6 2 4
Tom             567 5 1996 120 122 119 118 111 7 5 0
Mary Lou     683 8 1902 135 140 150 140 135 7 8 4
Lee              192 7 1911 104 106 109 99 97 5 2 0
Mary Beth    417 5 1952 130 135 150 129 134 5 4 2
Caroline        122 2 1997 76 75 74 77 74 2 1 0
Barbara        420 5 1992 78 79 80 90 80 4 1 0
Bad Bob       501 5 1900 120 122 121 130 125 4 2 2
Chris            555 7 1961 100 99 98 97 95 3 1 1
Phil               641 5 1970 120 125 122 121 111 4 1 2
Mary            701 4 1972 78 79 80 81 75 3 2 0
Mohammad  800 7 1976 97 98 100 110 109 5 2 2
